Level info: 1 1/10
0;(0,6,-0.03);(4,0.252122,0.24);(0,0,0);False;(0.0, 0.0, 0.0);0;
4;(0,1.5,0.3364937);(0.15,0.14,0.15);(270,180,0);
2;(0,3,0.1364937);(1,1,1);(0,0,0);False;(-1.0, 0.0, 0.0);1.4;
2;(-2,-0.5,0.1364937);(1,1,1);(0,0,90);False;(-1.0, 0.0, 0.0);1.4;
2;(-2,-4.5,0.1364937);(1,1,1);(0,0,90);False;(-1.0, 0.0, 0.0);1.4;
2;(2,-4.5,0.1364937);(1,1,1);(0,0,90);False;(-1.0, 0.0, 0.0);1.4;
2;(2,-0.5,0.1364937);(1,1,1);(0,0,90);False;(-1.0, 0.0, 0.0);1.4;
***Level***
Level info: 2 1/10
0;(0,6,-0.03);(4,0.252122,0.24);(0,0,0);False;(0.0, 0.0, 0.0);0;
4;(0,1.5,0.3364937);(0.15,0.14,0.15);(270,180,0);
2;(0,3,0.1364937);(1,1,1);(0,0,0);False;(-1.0, 0.0, 0.0);1.4;
2;(2,3,0.1364937);(1,1,1);(0,0,0);False;(-1.0, 0.0, 0.0);1.4;
2;(-2,0,0.1364937);(1,1,1);(0,0,0);False;(-1.0, 0.0, 0.0);1.4;
2;(0,0,0.1364937);(1,1,1);(0,0,0);False;(-1.0, 0.0, 0.0);1.4;
2;(0,-3,0.1364937);(1,1,1);(0,0,0);False;(-1.0, 0.0, 0.0);1.4;
2;(2,-3,0.1364937);(1,1,1);(0,0,0);False;(-1.0, 0.0, 0.0);1.4;
***Level***
Level info: 3  2/10
0;(0,6,-0.03);(4,0.252122,0.24);(0,0,0);False;(0.0, 0.0, 0.0);0;
4;(0,2.5,0.3364937);(0.15,0.14,0.15);(270,180,0);
2;(-2,4,0.1364937);(1,1,1);(0,0,0);True;(1.0, 0.0, 0.0);3;
2;(2,1,0.1364937);(1,1,1);(0,0,0);True;(-1.0, 0.0, 0.0);3;
1;(2,-1.65,-0.03);(0.495,0.495,0.3);(0,0,0);True;(0.0, 1.0, 0.0);0.3;
1;(2,-2.65,-0.03);(0.495,0.495,0.3);(0,0,0);True;(0.0, 1.0, 0.0);0.3;
1;(2,-3.65,-0.03);(0.495,0.495,0.3);(0,0,0);True;(0.0, 1.0, 0.0);0.3;
1;(-2,-1.65,-0.03);(0.495,0.495,0.3);(0,0,0);True;(0.0, 1.0, 0.0);0.3;
1;(-2,-2.65,-0.03);(0.495,0.495,0.3);(0,0,0);True;(0.0, 1.0, 0.0);0.3;
1;(-2,-3.65,-0.03);(0.495,0.495,0.3);(0,0,0);True;(0.0, 1.0, 0.0);0.3;
***Level***
Level info: 4 2/10 - moustache man
0;(0,6,-0.03);(4,0.252122,0.24);(0,0,0);False;(0.0, 0.0, 0.0);0;
4;(0,4.43,0.3364937);(0.15,0.14,0.15);(270,180,0);
2;(-2,3,0.1364937);(1,1,1);(0,0,0);False;(1.0, 0.0, 0.0);1;
2;(2,3,0.1364937);(1,1,1);(0,0,0);False;(-1.0, 0.0, 0.0);1;
3;(0,0.59,0.1364937);(1,1,1);(0,0,0);False;(1.0, 0.0, 0.0);1;
2;(-1,-1,0.1364937);(1,1,1);(0,0,45);False;(-1.0, 0.0, 0.0);1;
2;(1,-1,0.1364937);(1,1,1);(0,0,315);False;(-1.0, 0.0, 0.0);1;
2;(0,-2,0.1364937);(1,1,1);(0,0,0);False;(-1.0, 0.0, 0.0);1;
***Level***
Level info: 5 2/10 - moustache man - talking
0;(0,6,-0.03);(4,0.252122,0.24);(0,0,0);False;(0.0, 0.0, 0.0);0;
4;(0,4.43,0.3364937);(0.15,0.14,0.15);(270,180,0);
2;(-2,3,0.1364937);(1,1,1);(0,0,0);True;(0.0, 1.0, 0.0);0.2;
2;(2,3,0.1364937);(1,1,1);(0,0,0);True;(0.0, 1.0, 0.0);0.2;
3;(0,0.59,0.1364937);(1,1,1);(0,0,0);False;(1.0, 0.0, 0.0);1;
2;(-1,-1,0.1364937);(1,1,1);(0,0,45);False;(-1.0, 0.0, 0.0);1;
2;(1,-1,0.1364937);(1,1,1);(0,0,315);False;(-1.0, 0.0, 0.0);1;
2;(0,-2,0.1364937);(1,1,1);(0,0,0);True;(0.0, -1.1, 0.0);1;
***Level***
Level info: 6 2/10
0;(0,6.03,0.2364937);(4,0.252122,0.24);(0,0,0);False;(1.0, 0.0, 0.0);3;
4;(0,-0.27,0.1764937);(0.15,0.14,0.15);(270,180,0);
2;(-2,3.5,0);(1,1,1);(0,0,0);False;(-1.0, 0.0, 0.0);1.4;
2;(2,3.5,0);(1,1,1);(0,0,0);False;(-1.0, 0.0, 0.0);1.4;
2;(1,1,0);(1,1,1);(0,0,0);False;(-1.0, 0.0, 0.0);1.4;
2;(-1,1,0);(1,1,1);(0,0,0);False;(-1.0, 0.0, 0.0);1.4;
2;(-2,-1.5,0);(1,1,1);(0,0,0);False;(-1.0, 0.0, 0.0);1.4;
2;(2,-2.65,0);(1,1,1);(0,0,0);False;(-1.0, 0.0, 0.0);1.4;
***Level***
Level info: 7 2/10
0;(-1.5,6.03,0.2364937);(3,0.252122,0.24);(0,0,0);True;(1.0, 0.0, 0.0);3;
4;(0,2,0.1764937);(0.15,0.14,0.15);(270,180,0);
2;(0,3,0);(1,1,1);(0,0,0);False;(-1.0, 0.0, 0.0);1.4;
2;(0,1,0);(1,1,1);(0,0,0);False;(-1.0, 0.0, 0.0);1.4;
2;(0,-1,0);(1,1,1);(0,0,0);False;(-1.0, 0.0, 0.0);1.4;
2;(0,-3,0);(1,1,1);(0,0,0);False;(-1.0, 0.0, 0.0);1.4;
4;(0,0,0.1764937);(0.1500001,0.1400001,0.1500001);(270,180,0);
4;(0,-2,0.1764937);(0.1500001,0.1400001,0.1500001);(270,180,0);
***Level***
Level info: 8 2/10
0;(0,6,0.2364937);(3,0.252122,0.24);(0,0,0);False;(1.0, 0.0, 0.0);3;
4;(-2,2,0.1764937);(0.15,0.14,0.15);(270,180,0);
2;(-2,1,0);(1,1,1);(0,0,0);True;(1.0, 0.0, 0.0);1;
2;(2,1,0);(1,1,1);(0,0,0);True;(-1.0, 0.0, 0.0);1;
2;(-1,3,0);(1,1,1);(0,0,0);True;(-1.0, 0.0, 0.0);1;
2;(1,3,0);(1,1,1);(0,0,0);True;(1.0, 0.0, 0.0);1;
2;(0,-1,0);(1,1,1);(0,0,0);True;(2.0, 0.0, 0.0);1;
4;(2,2,0.1764937);(0.15,0.14,0.15);(270,180,0);
***Level***
Level info: 9 3/10- bigbox caves
0;(0,6,-0.03);(4,0.252122,0.24);(0,0,0);False;(0.0, 0.0, 0.0);0;
4;(2.69,-0.46,0.3364937);(0.15,0.14,0.15);(270,180,0);
4;(-2.74,-0.46,0.3364937);(0.15,0.14,0.15);(270,180,0);
4;(-2.74,-2.46,0.3364937);(0.15,0.14,0.15);(270,180,0);
4;(2.69,-2.46,0.3364937);(0.15,0.14,0.15);(270,180,0);
2;(-1,4,0.1364937);(1,1,1);(0,0,45);True;(-1.0, -1.0, 0.0);1;
2;(1,4,0.1364937);(1,1,1);(0,0,315);True;(1.0, -1.0, 0.0);1;
3;(-2,0.59,0.1364937);(1,1,1);(0,0,0);False;(1.0, 0.0, 0.0);1;
3;(-2,-1.41,0.1364937);(1,1,1);(0,0,0);False;(1.0, 0.0, 0.0);1;
3;(-2,-3.41,0.1364937);(1,1,1);(0,0,0);False;(1.0, 0.0, 0.0);1;
3;(2,-3.41,0.1364937);(1,1,1);(0,0,0);False;(1.0, 0.0, 0.0);1;
3;(2,-1.41,0.1364937);(1,1,1);(0,0,0);False;(1.0, 0.0, 0.0);1;
3;(2,0.59,0.1364937);(1,1,1);(0,0,0);False;(1.0, 0.0, 0.0);1;
***Level***
Level info: 10 3/10- bigbox caves - tilt
0;(0,6,-0.03);(4,0.252122,0.24);(0,0,0);False;(0.0, 0.0, 0.0);0;
4;(-2,-1.8,0.3364937);(0.15,0.14,0.15);(270,180,0);
4;(2,-1.8,0.3364937);(0.15,0.14,0.15);(270,180,0);
4;(2,1.2,0.3364937);(0.15,0.14,0.15);(270,180,0);
4;(-2,1.2,0.3364937);(0.15,0.14,0.15);(270,180,0);
3;(-2,2.59,0.1364937);(1,1,1);(0,0,0);True;(0.0, 1.0, 0.0);0.5;
3;(-2,-0.41,0.1364937);(1,1,1);(0,0,0);True;(0.0, 1.0, 0.0);0.5;
3;(-2,-3.41,0.1364937);(1,1,1);(0,0,0);True;(0.0, 1.0, 0.0);0.5;
3;(2,-3.41,0.1364937);(1,1,1);(0,0,0);True;(0.0, 1.0, 0.0);0.5;
3;(2,-0.41,0.1364937);(1,1,1);(0,0,0);True;(0.0, 1.0, 0.0);0.5;
3;(2,2.59,0.1364937);(1,1,1);(0,0,0);True;(0.0, 1.0, 0.0);0.5;
***Level***
Level info: 11 3/10
0;(-1.5,6.03,0.2364937);(3,0.252122,0.24);(0,0,0);True;(1.0, 0.0, 0.0);3;
4;(0,2,0.1764937);(0.15,0.14,0.15);(270,180,0);
2;(0,3,0);(1,1,1);(0,0,0);True;(1.0, 0.0, 0.0);1.5;
2;(0,1,0);(1,1,1);(0,0,0);True;(-1.0, 0.0, 0.0);1.5;
2;(0,-1,0);(1,1,1);(0,0,0);True;(1.0, 0.0, 0.0);1.5;
2;(0,-3,0);(1,1,1);(0,0,0);True;(-1.0, 0.0, 0.0);1.5;
4;(0,0,0.1764937);(0.1500001,0.1400001,0.1500001);(270,180,0);
4;(0,-2,0.1764937);(0.1500001,0.1400001,0.1500001);(270,180,0);
***Level***
Level info: 12 3/10
0;(-1,6,0.2364937);(1,0.252122,0.24);(0,0,0);True;(1.0, 0.0, 0.0);3;
4;(0,-0.27,0.1764937);(0.15,0.14,0.15);(270,180,0);
2;(-2,3.5,0);(1,1,1);(0,0,0);False;(-1.0, 0.0, 0.0);1.4;
2;(2,3.5,0);(1,1,1);(0,0,0);False;(-1.0, 0.0, 0.0);1.4;
2;(1,1,0);(1,1,1);(0,0,0);False;(-1.0, 0.0, 0.0);1.4;
2;(-1,1,0);(1,1,1);(0,0,0);False;(-1.0, 0.0, 0.0);1.4;
2;(-2,-1.5,0);(1,1,1);(0,0,0);True;(1.0, 0.0, 0.0);1.4;
2;(2,-2.65,0);(1,1,1);(0,0,0);True;(-1.0, 0.0, 0.0);1.4;
***Level***
Level info: 13 4/10 - symmetric bigbox box 
0;(0,6,-0.03);(4,0.252122,0.24);(0,0,0);False;(0.0, 0.0, 0.0);0;
4;(0,2,0.3364937);(0.15,0.14,0.15);(270,180,0);
4;(0,-1,0.3364937);(0.15,0.14,0.15);(270,180,0);
3;(-2,4.59,0.1364937);(1,1,1);(0,0,0);True;(0.0, -1.0, 0.0);3;
3;(0,0.59,0.1364937);(1,1,1);(0,0,0);True;(0.0, 1.0, 0.0);3;
3;(2,4.59,0.1364937);(1,1,1);(0,0,0);True;(0.0, -1.0, 0.0);3;
1;(-2,-1,-0.03);(0.495,0.495,0.3);(0,0,0);True;(1.0, 0.0, 0.0);3;
1;(2,-4,-0.03);(0.495,0.495,0.3);(0,0,0);True;(-1.0, 0.0, 0.0);3;
1;(2,-2,-0.03);(0.495,0.495,0.3);(0,0,0);True;(-1.0, 0.0, 0.0);3;
1;(-2,-3,-0.03);(0.495,0.495,0.3);(0,0,0);True;(1.0, 0.0, 0.0);3;
***Level***
Level info: 14 4/10 - step back a little bit
0;(0,6,-0.03);(4,0.252122,0.24);(0,0,0);False;(0.0, 0.0, 0.0);0;
4;(0,0.5,0.3364937);(0.15,0.14,0.15);(270,180,0);
2;(1.75,-1,0.1364937);(1,1,1);(0,0,0);True;(-1.0, 0.0, 0.0);0.5;
2;(-1.75,-1,0.1364937);(1,1,1);(0,0,0);True;(1.0, 0.0, 0.0);0.5;
2;(1,-2,0.1364937);(1,1,1);(0,0,0);True;(1.0, 0.0, 0.0);1;
2;(-1,-2,0.1364937);(1,1,1);(0,0,0);True;(-1.0, 0.0, 0.0);1;
2;(-2.25,0,0.1364937);(1,1,1);(0,0,0);True;(1.0, 0.0, 0.0);0.25;
2;(2.25,0,0.1364937);(1,1,1);(0,0,0);True;(-1.0, 0.0, 0.0);0.25;
2;(1,3,0.1364937);(1,1,1);(0,0,0);True;(1.0, 0.0, 0.0);1;
2;(-1,3,0.1364937);(1,1,1);(0,0,0);True;(-1.0, 0.0, 0.0);1;
2;(-2.25,1,0.1364937);(1,1,1);(0,0,0);True;(1.0, 0.0, 0.0);0.25;
2;(2.25,1,0.1364937);(1,1,1);(0,0,0);True;(-1.0, 0.0, 0.0);0.25;
2;(1.75,2,0.1364937);(1,1,1);(0,0,0);True;(-1.0, 0.0, 0.0);0.5;
2;(-1.75,2,0.1364937);(1,1,1);(0,0,0);True;(1.0, 0.0, 0.0);0.5;
***Level***
Level info: 15 4/10
0;(0,6.03,0.2364937);(3,0.252122,0.24);(0,0,0);False;(1.0, 0.0, 0.0);3;
4;(0,0,0.1764937);(0.15,0.14,0.15);(270,180,0);
2;(0,-1,0.1364937);(1,1,1);(0,0,0);True;(1.0, -1.0, 0.0);2.6;
2;(0,1,0.1364937);(1,1,1);(0,0,0);True;(-1.0, 1.0, 0.0);2.6;
3;(-2,-3,-0.03);(1,1,1);(0,0,0);False;(1.0, 0.0, 0.0);1;
3;(2,3,-0.03);(1,1,1);(0,0,0);False;(1.0, 0.0, 0.0);1;
1;(2.5,0,-0.03);(0.495,0.495,0.3);(0,0,0);True;(-1.0, 0.0, 0.0);1.3;
1;(-2.5,0,-0.03);(0.495,0.495,0.3);(0,0,0);True;(1.0, 0.0, 0.0);1.3;
***Level***
Level info: 16 4/10
0;(0,6.1,0.2364937);(1.5,0.252122,0.24);(0,0,0);True;(1.0, 0.0, 0.0);2.5;
4;(0,5.46,0.1764937);(0.15,0.14,0.15);(270,180,0);
1;(2.75,4,-0.03);(0.495,0.495,0.3);(0,0,0);True;(-1.0, 0.0, 0.0);2;
1;(2.75,2,-0.03);(0.495,0.495,0.3);(0,0,0);True;(-1.0, 0.0, 0.0);3;
1;(2.75,0,-0.03);(0.495,0.495,0.3);(0,0,0);True;(-1.0, 0.0, 0.0);2;
1;(2.75,-2,-0.03);(0.495,0.495,0.3);(0,0,0);True;(-1.0, 0.0, 0.0);2;
1;(-2.75,3,-0.03);(0.495,0.495,0.3);(0,0,0);True;(1.0, 0.0, 0.0);2;
1;(-2.75,1,-0.03);(0.495,0.495,0.3);(0,0,0);True;(1.0, 0.0, 0.0);2;
1;(-2.75,-1,-0.03);(0.495,0.495,0.3);(0,0,0);True;(1.0, 0.0, 0.0);3;
1;(-2.75,-3,-0.03);(0.495,0.495,0.3);(0,0,0);True;(1.0, 0.0, 0.0);2;
1;(2.75,3,-0.03);(0.495,0.495,0.3);(0,0,0);True;(-1.0, 0.0, 0.0);2;
1;(2.75,1,-0.03);(0.495,0.495,0.3);(0,0,0);True;(-1.0, 0.0, 0.0);2;
1;(2.75,-1,-0.03);(0.495,0.495,0.3);(0,0,0);True;(-1.0, 0.0, 0.0);2;
1;(2.75,-3,-0.03);(0.495,0.495,0.3);(0,0,0);True;(-1.0, 0.0, 0.0);3;
1;(-2.75,2,-0.03);(0.495,0.495,0.3);(0,0,0);True;(1.0, 0.0, 0.0);2;
1;(-2.75,0,-0.03);(0.495,0.495,0.3);(0,0,0);True;(1.0, 0.0, 0.0);2;
1;(-2.75,-2,-0.03);(0.495,0.495,0.3);(0,0,0);True;(1.0, 0.0, 0.0);2;
1;(-2.75,-4,-0.03);(0.495,0.495,0.3);(0,0,0);True;(1.0, 0.0, 0.0);2;
1;(2.75,-4,-0.03);(0.495,0.495,0.3);(0,0,0);True;(-1.0, 0.0, 0.0);2;
1;(-2.75,4,-0.03);(0.495,0.495,0.3);(0,0,0);True;(1.0, 0.0, 0.0);2;
***Level***
Level info: 17 5/10 - symmetric  box 
0;(-1,6,-0.03);(2,0.252122,0.24);(0,0,0);True;(1.0, 0.0, 0.0);2;
4;(0,-2,0.3364937);(0.15,0.14,0.15);(270,180,0);
4;(0,2,0.3364937);(0.15,0.14,0.15);(270,180,0);
1;(-2,-1,-0.03);(0.495,0.495,0.3);(0,0,0);True;(1.0, 0.0, 0.0);3;
1;(2,-4,-0.03);(0.495,0.495,0.3);(0,0,0);True;(-1.0, 0.0, 0.0);3;
1;(2,-2,-0.03);(0.495,0.495,0.3);(0,0,0);True;(-1.0, 0.0, 0.0);3;
1;(-2,-3,-0.03);(0.495,0.495,0.3);(0,0,0);True;(1.0, 0.0, 0.0);3;
1;(-2,3,-0.03);(0.495,0.495,0.3);(0,0,0);True;(1.0, 0.0, 0.0);3;
1;(2,0,-0.03);(0.495,0.495,0.3);(0,0,0);True;(-1.0, 0.0, 0.0);3;
1;(2,2,-0.03);(0.495,0.495,0.3);(0,0,0);True;(-1.0, 0.0, 0.0);3;
1;(-2,1,-0.03);(0.495,0.495,0.3);(0,0,0);True;(1.0, 0.0, 0.0);3;
1;(-2.5,1.91,-0.03);(0.495,0.495,0.3);(0,0,0);False;(1.0, 0.0, 0.0);0;
1;(-2.5,-0.02,-0.03);(0.495,0.495,0.3);(0,0,0);False;(1.0, 0.0, 0.0);0;
1;(-2.5,-2.02,-0.03);(0.495,0.495,0.3);(0,0,0);False;(1.0, 0.0, 0.0);0;
1;(2.5,-3.02,-0.03);(0.495,0.495,0.3);(0,0,0);False;(1.0, 0.0, 0.0);0;
1;(2.5,-1.02,-0.03);(0.495,0.495,0.3);(0,0,0);False;(1.0, 0.0, 0.0);0;
1;(2.5,0.98,-0.03);(0.495,0.495,0.3);(0,0,0);False;(1.0, 0.0, 0.0);0;
***Level***
Level info: 18 5/10 - back and forth
0;(-1,6,-0.03);(2,0.252122,0.24);(0,0,0);True;(1.0, 0.0, 0.0);2;
4;(-1.5,2.5,0.3364937);(0.15,0.14,0.15);(270,180,0);
4;(1.5,-2.5,0.3364937);(0.15,0.14,0.15);(270,180,0);
2;(-0.2,1,0.1364937);(1,1,1);(0,0,0);False;(-1.0, 0.0, 0.0);1.4;
2;(-2.2,1,0.1364937);(1,1,1);(0,0,0);False;(-1.0, 0.0, 0.0);1.4;
2;(-0.2,4,0.1364937);(1,1,1);(0,0,0);False;(-1.0, 0.0, 0.0);1.4;
2;(-2.2,4,0.1364937);(1,1,1);(0,0,0);False;(-1.0, 0.0, 0.0);1.4;
2;(-2.75,2.5,0.1364937);(1,1,1);(0,0,90);True;(1.0, 0.0, 0.0);4.;
2;(2.75,-2.5,0.1364937);(1,1,1);(0,0,90);True;(-1.0, 0.0, 0.0);4;
2;(2.25,-1,0.1364937);(1,1,1);(0,0,0);False;(-1.0, 0.0, 0.0);1.4;
2;(0.25,-1,0.1364937);(1,1,1);(0,0,0);False;(-1.0, 0.0, 0.0);1.4;
2;(2.25,-4,0.1364937);(1,1,1);(0,0,0);False;(-1.0, 0.0, 0.0);1.4;
2;(0.25,-4,0.1364937);(1,1,1);(0,0,0);False;(-1.0, 0.0, 0.0);1.4;
***Level***
Level info: 19 5/10
0;(0,6,0.2364937);(3,0.252122,0.24);(0,0,0);False;(1.0, 0.0, 0.0);3;
2;(0,0,0);(1,1,1);(0,0,0);False;(1.0, 0.0, 0.0);2;
4;(-2,0,0.1764937);(0.15,0.14,0.15);(270,180,0);
2;(2,-2,0);(1,1,1);(0,0,90);False;(-1.0, 0.0, 0.0);3;
2;(-2,-2,0);(1,1,1);(0,0,90);False;(1.0, 0.0, 0.0);3;
4;(2,0,0.1764937);(0.15,0.14,0.15);(270,180,0);
2;(2,1,0);(1,1,1);(0,0,0);True;(-1.0, 0.0, 0.0);2;
2;(-2,2,0);(1,1,1);(0,0,0);True;(1.0, 0.0, 0.0);2;
2;(2,3,0);(1,1,1);(0,0,0);True;(-1.0, 0.0, 0.0);2;
2;(-2,4,0);(1,1,1);(0,0,0);True;(1.0, 0.0, 0.0);2;
***Level***
Level info: 20
0;(-1.5,6.03,0.2364937);(3,0.252122,0.24);(0,0,0);True;(1.0, 0.0, 0.0);3;
4;(0,0,0.3364937);(0.15,0.14,0.15);(270,180,0);
2;(1,-3.5,-0.03);(1,1,1);(0,0,0);True;(1.0, 0.0, 0.0);1;
2;(-1,3.5,-0.03);(1,1,1);(0,0,0);True;(-1.0, 0.0, 0.0);1;
2;(0,-1,-0.03);(1,1,1);(0,0,90);True;(-1.0, -0.5, 0.0);1;
2;(0,1,-0.03);(1,1,1);(0,0,90);True;(1.0, 0.5, 0.0);1;
***Level***
Level info: 21
0;(-1.5,6.03,0.2364937);(2,0.252122,0.24);(0,0,0);True;(1.0, 0.0, 0.0);3.1;
4;(-1.5,2.5,0.3364937);(0.15,0.14,0.15);(270,180,0);
4;(1.5,2.5,0.3364937);(0.15,0.14,0.15);(270,180,0);
2;(1.5,-4,-0.03);(1,1,1);(0,0,0);True;(-1.0, 0.0, 0.0);3;
2;(-1.5,4,-0.03);(1,1,1);(0,0,0);True;(1.0, 0.0, 0.0);3;
2;(1.5,-1,-0.03);(1,1,1);(0,0,0);True;(-1.0, 0.0, 0.0);3;
2;(-1.5,1,-0.03);(1,1,1);(0,0,0);True;(1.0, 0.0, 0.0);3;
2;(0,2.5,-0.03);(1,1,1);(0,0,90);False;(0.0, -1.0, 0.0);3;
2;(0,-2.5,-0.03);(1,1,1);(0,0,90);False;(0.0, -1.0, 0.0);3;
4;(1.5,-2.5,0.3364937);(0.15,0.14,0.15);(270,180,0);
4;(-1.5,-2.5,0.3364937);(0.15,0.14,0.15);(270,180,0);
***Level***
Level info: 23
0;(2,6.48,0.2364937);(2,0.252122,0.24);(0,0,0);True;(1.0, 0.0, 0.0);3;
2;(-1,4,-0.03);(1,1,1);(0,0,0);True;(2.0, -3.0, 0.0);2;
2;(-2,1,-0.03);(1,1,1);(0,0,0);True;(2.0, -3.0, 0.0);2;
2;(2,-1,-0.03);(1,1,1);(0,0,0);True;(-2.0, 3.0, 0.0);2;
2;(1,-4,-0.03);(1,1,1);(0,0,0);True;(-2.0, 3.0, 0.0);2;
4;(-2.5,0,0.17);(0.1500001,0.1400001,0.1500001);(270,180,0);
4;(2.5,0,0.17);(0.1500001,0.1400001,0.1500001);(270,180,0);
***Level***
Level info: 24
0;(0,6.48,0.2364937);(2,0.252122,0.24);(0,0,0);False;(1.0, 0.0, 0.0);3;
2;(-2,5,-0.03);(1,1,1);(0,0,0);True;(0.0, -3.0, 0.0);2.5;
2;(-2,1,-0.03);(1,1,1);(0,0,0);True;(0.0, -3.0, 0.0);2.5;
2;(2,-1,-0.03);(1,1,1);(0,0,0);True;(0.0, 3.0, 0.0);2.5;
2;(2,-5,-0.03);(1,1,1);(0,0,0);True;(0.0, 3.0, 0.0);2.5;
4;(0,0,0.17);(0.1500001,0.1400001,0.1500001);(270,180,0);
2;(2,-1.75,-0.03);(1,1,1);(0,0,0);True;(-2.0, 0.0, 0.0);1.6;
2;(-2,1.75,-0.03);(1,1,1);(0,0,0);True;(2.0, 0.0, 0.0);1.6;
***Level***
Level info: 25
0;(0,6.48,0.2364937);(2,0.252122,0.24);(0,0,0);False;(1.0, 0.0, 0.0);3;
3;(0,4,0.1364937);(1,1,1);(0,0,90);True;(-1.0, 0.0, 0.0);2;
3;(0,-2,0.1364937);(1,1,1);(0,0,90);True;(1.0, 0.0, 0.0);2;
3;(-2.5,1,0.1364937);(1,1,1);(0,0,90);True;(0.0, -1.0, 0.0);2;
3;(2.5,1,0.1364937);(1,1,1);(0,0,90);True;(0.0, 1.0, 0.0);2;
4;(-2.5,1,0.3364937);(0.15,0.14,0.15);(270,180,0);
4;(2.5,1,0.3364937);(0.15,0.14,0.15);(270,180,0);
***Level***
Level info: 26
0;(0,6.48,0.2364937);(2,0.252122,0.24);(0,0,0);False;(1.0, 0.0, 0.0);3;
4;(0,1,0.3364937);(0.15,0.14,0.15);(270,180,0);
1;(0,4,-0.03);(0.495,0.495,0.3);(0,0,0);True;(-1.0, 0.0, 0.0);2;
1;(2.5,1,-0.03);(0.495,0.495,0.3);(0,0,0);True;(0.0, 1.0, 0.0);2;
1;(0,-2,-0.03);(0.495,0.495,0.3);(0,0,0);True;(1.0, 0.0, 0.0);2;
1;(-2.5,1,-0.03);(0.495,0.495,0.3);(0,0,0);True;(0.0, -1.0, 0.0);2;
1;(-0.5,3.25,-0.03);(0.495,0.495,0.3);(0,0,0);True;(1.0, 0.0, 0.0);2;
1;(1.75,1.5,-0.03);(0.495,0.495,0.3);(0,0,0);True;(0.0, -1.0, 0.0);2;
1;(0.5,-1.25,-0.03);(0.495,0.495,0.3);(0,0,0);True;(-1.0, 0.0, 0.0);2;
1;(-1.75,0.5,-0.03);(0.495,0.495,0.3);(0,0,0);True;(0.0, 1.0, 0.0);2;
***Level***
Level info: 27
0;(-2,6.48,0.2364937);(0.5,0.252122,0.24);(0,0,0);True;(1.0, 0.0, 0.0);4;
4;(0,1,0.3364937);(0.15,0.14,0.15);(270,180,0);
1;(0,4,-0.03);(0.495,0.495,0.3);(0,0,0);True;(-1.0, 0.0, 0.0);3;
1;(2.5,1,-0.03);(0.495,0.495,0.3);(0,0,0);True;(0.0, 1.0, 0.0);2;
1;(0,-2,-0.03);(0.495,0.495,0.3);(0,0,0);True;(1.0, 0.0, 0.0);3;
1;(-2.5,1,-0.03);(0.495,0.495,0.3);(0,0,0);True;(0.0, -1.0, 0.0);1;
1;(-0.5,3.25,-0.03);(0.495,0.495,0.3);(0,0,0);True;(-1.0, 0.0, 0.0);2;
1;(1.75,1.5,-0.03);(0.495,0.495,0.3);(0,0,0);True;(0.0, 1.0, 0.0);3;
1;(0.5,-1.25,-0.03);(0.495,0.495,0.3);(0,0,0);True;(1.0, 0.0, 0.0);1;
1;(-1.75,0.5,-0.03);(0.495,0.495,0.3);(0,0,0);True;(0.0, -1.0, 0.0);2;
1;(-1,0,-0.03);(0.495,0.495,0.3);(0,0,0);True;(0.0, -1.0, 0.0);3;
1;(1,2,-0.03);(0.495,0.495,0.3);(0,0,0);True;(0.0, 1.0, 0.0);1;
1;(1,-0.5,-0.03);(0.495,0.495,0.3);(0,0,0);True;(1.0, 0.0, 0.0);2;
1;(-1,2.5,-0.03);(0.495,0.495,0.3);(0,0,0);True;(-1.0, 0.0, 0.0);1;
***Level***
Level info: 28
0;(0,6.48,0.2364937);(2,0.252122,0.24);(0,0,0);False;(1.0, 0.0, 0.0);3;
4;(0,1,0.3364937);(0.15,0.14,0.15);(270,180,0);
1;(-1.75,4,-0.03);(0.495,0.495,0.3);(0,0,0);True;(0.0, -1.0, 0.0);4;
1;(2.5,1,-0.03);(0.495,0.495,0.3);(0,0,0);True;(0.0, -1.0, 0.0);5;
1;(-2.5,-2,-0.03);(0.495,0.495,0.3);(0,0,0);True;(1.0, 0.0, 0.0);5;
1;(-2.5,1,-0.03);(0.495,0.495,0.3);(0,0,0);True;(0.0, -1.0, 0.0);5;
3;(0,-3,0.1364937);(1,1,1);(0,0,0);False;(1.0, 0.0, 0.0);1;
1;(1.75,4,-0.03);(0.495,0.495,0.3);(0,0,0);True;(0.0, -1.0, 0.0);4;
1;(0,5.5,-0.03);(0.495,0.495,0.3);(0,0,0);True;(0.0, -1.0, 0.0);4;
***Level***
Level info: 29
0;(-1.5,2.5,0.2364937);(2,0.25,0.24);(0,0,0);True;(1.0, 0.0, 0.0);3;
3;(2,-4,0.1364937);(1,1,1);(0,0,0);False;(-1.0, 0.0, 0.0);1;
3;(1,-1.5,0.1364937);(1,1,1);(0,0,0);True;(0.0, -1.0, 0.0);0.5;
3;(-1,-1.5,0.1364937);(1,1,1);(0,0,0);True;(0.0, -1.0, 0.0);0.5;
3;(-2,-4,0.1364937);(1,1,1);(0,0,0);True;(0.0, -1.0, 0.0);0.5;
3;(-1,1,0.1364937);(1,1,1);(0,0,0);True;(0.0, 1.0, 0.0);0.5;
3;(1,1,0.1364937);(1,1,1);(0,0,0);True;(0.0, 1.0, 0.0);0.5;
3;(-2,4,0.1364937);(1,1,1);(0,0,0);False;(1.0, 0.0, 0.0);1;
3;(2,4,0.1364937);(1,1,1);(0,0,0);True;(0.0, 1.0, 0.0);0.5;
4;(0,-0.25,0.3364937);(0.15,0.14,0.15);(270,180,0);
4;(-2,5.7,0.3364937);(0.15,0.14,0.15);(270,180,0);
4;(2,5.7,0.3364937);(0.15,0.14,0.15);(270,180,0);
***Level***
Level info: 30
0;(0,6.48,0.2364937);(2,0.252122,0.24);(0,0,0);False;(1.0, 0.0, 0.0);3;
2;(-2,5,-0.03);(1,1,1);(0,0,0);False;(0.0, 3.0, 0.0);4;
2;(-2,1,-0.03);(1,1,1);(0,0,0);False;(0.0, 3.0, 0.0);4;
2;(2,-1,-0.03);(1,1,1);(0,0,0);False;(0.0, -3.0, 0.0);4;
2;(2,-5,-0.03);(1,1,1);(0,0,0);False;(0.0, -3.0, 0.0);4;
4;(-2.5,3,0.1664937);(0.1500001,0.1400001,0.1500001);(270,180,0);
2;(2,1,-0.03);(1,1,1);(0,0,0);True;(-1.0, 1.0, 0.0);3;
2;(-2,-1,-0.03);(1,1,1);(0,0,0);True;(1.0, -1.0, 0.0);3;
4;(2.5,-3,0.1664937);(0.1500001,0.1400001,0.1500001);(270,180,0);
***Level***
Level info: 31
0;(-1.5,6.03,0.2364937);(3,0.252122,0.24);(0,0,0);True;(1.0, 0.0, 0.0);3;
4;(0,0,0.3364937);(0.15,0.14,0.15);(270,180,0);
2;(1.5,-4,-0.03);(1,1,1);(0,0,0);True;(0.0, 1.0, 0.0);3;
2;(-1.5,4,-0.03);(1,1,1);(0,0,0);True;(0.0, -1.0, 0.0);3;
2;(1.5,-1,-0.03);(1,1,1);(0,0,0);True;(0.0, 1.0, 0.0);3;
2;(-1.5,1,-0.03);(1,1,1);(0,0,0);True;(0.0, -1.0, 0.0);3;
2;(0,2.5,-0.03);(1,1,1);(0,0,90);False;(0.0, -1.0, 0.0);3;
2;(0,-2.5,-0.03);(1,1,1);(0,0,90);False;(0.0, -1.0, 0.0);3;
***Level***
Level info:32
0;(0,3.8,0.2364937);(3,0.252122,0.24);(0,0,0);False;(1.0, 0.0, 0.0);3;
2;(1,1.25,-0.03);(1,1,1);(0,0,0);False;(-1.0, 0.0, 0.0);3;
2;(-1,1.25,-0.03);(1,1,1);(0,0,0);False;(1.0, 0.0, 0.0);3;
2;(0,0,-0.03);(1,1,1);(0,0,90);False;(0.0, -1.0, 0.0);3;
2;(-1,3.25,-0.03);(1,1,1);(0,0,0);False;(1.0, 0.0, 0.0);3;
2;(1,3.25,-0.03);(1,1,1);(0,0,0);False;(-1.0, 0.0, 0.0);3;
2;(-1,-2.5,-0.03);(1,1,1);(0,0,0);False;(1.0, 0.0, 0.0);3;
2;(1,-2.5,-0.03);(1,1,1);(0,0,0);False;(-1.0, 0.0, 0.0);3;
4;(0,-1.75,0.3364937);(0.15,0.14,0.15);(270,180,0);
2;(1.75,-1.25,-0.03);(1,1,1);(0,0,90);False;(0.0, -1.0, 0.0);3;
2;(-1.75,-1.25,-0.03);(1,1,1);(0,0,90);False;(0.0, -1.0, 0.0);3;
4;(0,2.25,0.3364937);(0.15,0.14,0.15);(270,180,0);
***Level***
Level info: 33 5/10 - 
0;(0,6,-0.03);(3,0.252122,0.24);(0,0,0);False;(0.0, 0.0, 0.0);0;
4;(2.62,1.02,0.3364937);(0.15,0.14,0.15);(270,180,0);
4;(-2.6,-1.05,0.3364937);(0.15,0.14,0.15);(270,180,0);
1;(-2.5,2,-0.03);(0.495,0.495,0.3);(0,0,0);True;(1.0, 0.0, 0.0);1;
1;(-2.5,0,-0.03);(0.495,0.495,0.3);(0,0,0);True;(1.0, 0.0, 0.0);2;
1;(-2.5,1,-0.03);(0.495,0.495,0.3);(0,0,0);True;(1.0, 0.0, 0.0);1.5;
1;(-2.5,-2,-0.03);(0.495,0.495,0.3);(0,0,0);True;(1.0, 0.0, 0.0);1;
1;(-2.5,-1,-0.03);(0.495,0.495,0.3);(0,0,0);True;(1.0, 0.0, 0.0);1.5;
1;(2.5,2,-0.03);(0.495,0.495,0.3);(0,0,0);True;(-1.0, 0.0, 0.0);1;
1;(2.5,0,-0.03);(0.495,0.495,0.3);(0,0,0);True;(-1.0, 0.0, 0.0);2;
1;(2.5,1,-0.03);(0.495,0.495,0.3);(0,0,0);True;(-1.0, 0.0, 0.0);1.5;
1;(2.5,-2,-0.03);(0.495,0.495,0.3);(0,0,0);True;(-1.0, 0.0, 0.0);1;
1;(2.5,-1,-0.03);(0.495,0.495,0.3);(0,0,0);True;(-1.0, 0.0, 0.0);1.5;
***Level***
Level info: 34 6/10
0;(-1.5,6,0.2364937);(3,0.252122,0.24);(0,0,0);True;(1.0, 0.0, 0.0);3;
4;(0,-2,0.1764937);(0.15,0.14,0.15);(270,180,0);
2;(-1,1,0);(1,1,1);(0,0,45);True;(1.0, 1.0, 0.0);3;
2;(1,1,0);(1,1,1);(0,0,315);True;(-1.0, 1.0, 0.0);3;
4;(0,1,0.1764937);(0.15,0.14,0.15);(270,180,0);
2;(1,-2,0);(1,1,1);(0,0,90);True;(-1.0, 0.0, 0.0);1;
2;(-1,-2,0);(1,1,1);(0,0,90);True;(1.0, 0.0, 0.0);1;
***Level***
Level info: 35 6/10
0;(-1.5,6,0.2364937);(3,0.252122,0.24);(0,0,0);True;(1.0, 0.0, 0.0);3;
4;(0,-2,0.1764937);(0.15,0.14,0.15);(270,180,0);
2;(-2,1,0);(1,1,1);(0,0,90);True;(1.0, 0.0, 0.0);2;
2;(2,1,0);(1,1,1);(0,0,90);True;(-1.0, 0.0, 0.0);2;
4;(0,1,0.1764937);(0.15,0.14,0.15);(270,180,0);
2;(1.5,-2,0);(1,1,1);(0,0,90);True;(-1.0, 0.0, 0.0);1.5;
2;(-1.5,-2,0);(1,1,1);(0,0,90);True;(1.0, 0.0, 0.0);1.5;
***Level***
Level info: 36 6/10
0;(-1.5,6,0.2364937);(3,0.252122,0.24);(0,0,0);True;(1.0, 0.0, 0.0);3;
4;(0,-2,0.1764937);(0.15,0.14,0.15);(270,180,0);
2;(-1,1,0);(1,1,1);(0,0,45);False;(1.0, 0.0, 0.0);1;
2;(1,1,0);(1,1,1);(0,0,315);False;(-1.0, 0.0, 0.0);1;
4;(0,1,0.1764937);(0.15,0.14,0.15);(270,180,0);
2;(1,-2,0);(1,1,1);(0,0,90);True;(-1.0, 0.0, 0.0);1;
2;(-1,-2,0);(1,1,1);(0,0,90);True;(1.0, 0.0, 0.0);1;
***Level***
Level info: 37 6/10
0;(0,6.03,0.2364937);(3,0.252122,0.24);(0,0,0);False;(1.0, 0.0, 0.0);3;
4;(0,-0.5,0.1764937);(0.15,0.14,0.15);(270,180,0);
4;(0,4,0.1764937);(0.15,0.14,0.15);(270,180,0);
3;(0,-2,0.1364937);(1,1,1);(0,0,0);False;(0.0, -1.0, 0.0);2;
3;(2.2,2,0.1364937);(1,1,1);(0,0,0);True;(0.0, -1.0, 0.0);3;
3;(-2.2,-3,0.1364937);(1,1,1);(0,0,0);True;(0.0, 1.0, 0.0);3;
3;(0,1,0.1364937);(1,1,1);(0,0,0);False;(0.0, 1.0, 0.0);2;
3;(-2.2,2,0.1364937);(1,1,1);(0,0,0);True;(0.0, 1.0, 0.0);3;
3;(2.2,-3,0.1364937);(1,1,1);(0,0,0);True;(0.0, -1.0, 0.0);3;
***Level***
Level info: 38 6/10
0;(0,6.03,0.2364937);(2,0.252122,0.24);(0,0,0);False;(1.0, 0.0, 0.0);3;
4;(0,0,0.1764937);(0.15,0.14,0.15);(270,180,0);
2;(-1.3,0,0.1364937);(1,1,1);(0,0,69.99999);False;(-1.0, 0.0, 0.0);1.4;
2;(1.3,0,0.1364937);(1,1,1);(0,0,69.99999);False;(-1.0, 0.0, 0.0);1.4;
2;(-0.613,1.881,0.1364937);(1,1,1);(0,0,69.99999);False;(-1.0, 0.0, 0.0);1.4;
2;(1.987,1.881,0.1364937);(1,1,1);(0,0,69.99999);False;(-1.0, 0.0, 0.0);1.4;
2;(-1.98,-1.88,0.1364937);(1,1,1);(0,0,69.99999);False;(-1.0, 0.0, 0.0);1.4;
2;(0.6199999,-1.88,0.1364937);(1,1,1);(0,0,69.99999);False;(-1.0, 0.0, 0.0);1.4;
1;(2,-2.5,-0.03);(0.495,0.495,0.3);(0,0,0);True;(1.0, 0.0, 0.0);0.5;
1;(-2,2.5,-0.03);(0.495,0.495,0.3);(0,0,0);True;(-1.0, 0.0, 0.0);0.5;
2;(-2.67,-3.76,0.1364937);(1,1,1);(0,0,69.99999);False;(-1.0, 0.0, 0.0);1.4;
2;(-0.07000017,-3.76,0.1364937);(1,1,1);(0,0,69.99999);False;(-1.0, 0.0, 0.0);1.4;
2;(0.07,3.76,0.1364937);(1,1,1);(0,0,69.99999);False;(-1.0, 0.0, 0.0);1.4;
2;(2.67,3.76,0.1364937);(1,1,1);(0,0,69.99999);False;(-1.0, 0.0, 0.0);1.4;
1;(-2,4.5,-0.03);(0.495,0.495,0.3);(0,0,0);True;(-1.0, 0.0, 0.0);0.5;
1;(2,-4.5,-0.03);(0.495,0.495,0.3);(0,0,0);True;(1.0, 0.0, 0.0);0.5;
***Level***
Level info: 39 6/10
0;(-1.5,6.03,0.2364937);(2,0.252122,0.24);(0,0,0);True;(1.0, 0.0, 0.0);3;
4;(0,-0.5,0.1764937);(0.15,0.14,0.15);(270,180,0);
3;(0,-2,0.1364937);(1,1,1);(0,0,0);True;(0.0, -1.0, 0.0);2;
3;(2.2,2,0.1364937);(1,1,1);(0,0,0);True;(0.0, -1.0, 0.0);2;
3;(-2.2,-3,0.1364937);(1,1,1);(0,0,0);True;(0.0, 1.0, 0.0);2;
3;(0,1,0.1364937);(1,1,1);(0,0,0);True;(0.0, 1.0, 0.0);2;
4;(0,4,0.1764937);(0.15,0.14,0.15);(270,180,0);
3;(-2.2,4,0.1364937);(1,1,1);(0,0,0);False;(0.0, 1.0, 0.0);2;
3;(2.2,-5,0.1364937);(1,1,1);(0,0,0);False;(0.0, -1.0, 0.0);2;
***Level***
Level info: 40 6/10
0;(0,6.03,0.2364937);(3,0.252122,0.24);(0,0,0);False;(1.0, 0.0, 0.0);3;
2;(2,-4,0.1364937);(1,1,1);(0,0,0);False;(-1.0, 0.0, 0.0);1.4;
2;(-2,4,0.1364937);(1,1,1);(0,0,0);False;(-1.0, 0.0, 0.0);1.4;
1;(-1.3,0.25,0.1364937);(0.495,0.495,0.3);(0,0,0);True;(0.0, 1.0, 0.0);2;
1;(-1.8,0.25,0.1364937);(0.495,0.495,0.3);(0,0,0);True;(0.0, 1.0, 0.0);2;
1;(-1.8,-0.25,0.1364937);(0.495,0.495,0.3);(0,0,0);True;(0.0, 1.0, 0.0);2;
1;(1.25,-4.5,0.1364937);(0.495,0.495,0.3);(0,0,0);False;(1.0, -1.5, 0.0);2;
1;(-1.25,4.5,0.1364937);(0.495,0.495,0.3);(0,0,0);False;(1.0, -1.5, 0.0);2;
1;(-2.3,-0.25,0.1364937);(0.495,0.495,0.3);(0,0,0);True;(0.0, 1.0, 0.0);2;
4;(2.75,-2.5,0.3364937);(0.15,0.14,0.15);(270,180,0);
1;(1.8,0.25,0.1364937);(0.495,0.495,0.3);(0,0,0);True;(0.0, -1.0, 0.0);2;
1;(1.3,-0.25,0.1364937);(0.495,0.495,0.3);(0,0,0);True;(0.0, -1.0, 0.0);2;
1;(2.3,0.25,0.1364937);(0.495,0.495,0.3);(0,0,0);True;(0.0, -1.0, 0.0);2;
1;(1.8,-0.25,0.1364937);(0.495,0.495,0.3);(0,0,0);True;(0.0, -1.0, 0.0);2;
2;(0,-3.5,0.1364937);(1,1,1);(0,0,0);True;(1.0, 0.0, 0.0);2;
2;(-2,-3,0.1364937);(1,1,1);(0,0,0);True;(1.0, 0.0, 0.0);2;
2;(0,3.5,0.1364937);(1,1,1);(0,0,0);True;(-1.0, 0.0, 0.0);2;
2;(2,3,0.1364937);(1,1,1);(0,0,0);True;(-1.0, 0.0, 0.0);2;
4;(-2.75,2.5,0.3364937);(0.15,0.14,0.15);(270,180,0);
***Level***
Level info: 41 6/10
0;(-0.5,6.03,0.2364937);(1,0.252122,0.24);(0,0,0);True;(1.0, 0.0, 0.0);3;
4;(0,5.46,0.1764937);(0.15,0.14,0.15);(270,180,0);
2;(2,0,0.1364937);(1,1,1);(0,0,90);True;(-1.0, 0.0, 0.0);1.5;
2;(2,-2,0.1364937);(1,1,1);(0,0,90);True;(-1.0, 0.0, 0.0);1.5;
2;(2,2,0.1364937);(1,1,1);(0,0,90);True;(-1.0, 0.0, 0.0);1.5;
2;(2,4,0.1364937);(1,1,1);(0,0,90);True;(-1.0, 0.0, 0.0);1.5;
2;(2,-4,0.1364937);(1,1,1);(0,0,90);True;(-1.0, 0.0, 0.0);1.5;
2;(-0.5,0,0.1364937);(1,1,1);(0,0,90);True;(-1.0, 0.0, 0.0);1.5;
2;(-0.5,-2,0.1364937);(1,1,1);(0,0,90);True;(-1.0, 0.0, 0.0);1.5;
2;(-0.5,2,0.1364937);(1,1,1);(0,0,90);True;(-1.0, 0.0, 0.0);1.5;
2;(-0.5,4,0.1364937);(1,1,1);(0,0,90);True;(-1.0, 0.0, 0.0);1.5;
2;(-0.5,-4,0.1364937);(1,1,1);(0,0,90);True;(-1.0, 0.0, 0.0);1.5;
1;(2.75,1,-0.03);(0.495,0.495,0.3);(0,0,0);False;(1.0, 0.0, 0.0);0;
1;(2.75,-1,-0.03);(0.495,0.495,0.3);(0,0,0);False;(1.0, 0.0, 0.0);0;
1;(2.75,-3,-0.03);(0.495,0.495,0.3);(0,0,0);False;(1.0, 0.0, 0.0);0;
1;(2.75,3,-0.03);(0.495,0.495,0.3);(0,0,0);False;(1.0, 0.0, 0.0);0;
1;(-2.75,1,-0.03);(0.495,0.495,0.3);(0,0,0);False;(1.0, 0.0, 0.0);0;
1;(-2.75,-1,-0.03);(0.495,0.495,0.3);(0,0,0);False;(1.0, 0.0, 0.0);0;
1;(-2.75,-3,-0.03);(0.495,0.495,0.3);(0,0,0);False;(1.0, 0.0, 0.0);0;
1;(-2.75,3,-0.03);(0.495,0.495,0.3);(0,0,0);False;(1.0, 0.0, 0.0);0;
***Level***
Level info: 42 6/10 - line but triangle
0;(-2,6,-0.03);(1,0.252122,0.24);(0,0,0);True;(1.0, 0.0, 0.0);4;
4;(0,1.53,0.3364937);(0.15,0.14,0.15);(270,180,0);
4;(0,-1.47,0.3364937);(0.15,0.14,0.15);(270,180,0);
1;(-2,3,-0.03);(0.495,0.495,0.3);(0,0,0);True;(0.0, -1.0, 0.0);1;
1;(2,3,-0.03);(0.495,0.495,0.3);(0,0,0);True;(0.0, -1.0, 0.0);1;
1;(-1,3,-0.03);(0.495,0.495,0.3);(0,0,0);True;(0.0, -1.0, 0.0);2;
1;(1,3,-0.03);(0.495,0.495,0.3);(0,0,0);True;(0.0, -1.0, 0.0);2;
1;(0,3,-0.03);(0.495,0.495,0.3);(0,0,0);True;(0.0, -1.0, 0.0);3;
1;(-2,-3,-0.03);(0.495,0.495,0.3);(0,0,0);True;(0.0, 1.0, 0.0);1;
1;(2,-3,-0.03);(0.495,0.495,0.3);(0,0,0);True;(0.0, 1.0, 0.0);1;
1;(-1,-3,-0.03);(0.495,0.495,0.3);(0,0,0);True;(0.0, 1.0, 0.0);2;
1;(1,-3,-0.03);(0.495,0.495,0.3);(0,0,0);True;(0.0, 1.0, 0.0);2;
1;(0,-3,-0.03);(0.495,0.495,0.3);(0,0,0);True;(0.0, 1.0, 0.0);3;
***Level***
Level info: 22
0;(0,3.8,0.2364937);(3,0.252122,0.24);(0,0,0);False;(1.0, 0.0, 0.0);3;
4;(-2.5,0.25,0.3364937);(0.15,0.14,0.15);(270,180,0);
2;(2,1.25,-0.03);(1,1,1);(0,0,0);True;(0.0, -1.0, 0.0);1;
2;(-2,1.25,-0.03);(1,1,1);(0,0,0);False;(1.0, 0.0, 0.0);3;
2;(1.25,-1.25,-0.03);(1,1,1);(0,0,90);False;(0.0, -1.0, 0.0);3;
2;(-1.25,0,-0.03);(1,1,1);(0,0,90);False;(0.0, -1.0, 0.0);3;
2;(-1,3.25,-0.03);(1,1,1);(0,0,0);False;(1.0, 0.0, 0.0);3;
2;(1,3.25,-0.03);(1,1,1);(0,0,0);False;(-1.0, 0.0, 0.0);3;
2;(-2,-2.5,-0.03);(1,1,1);(0,0,0);True;(0.0, 1.0, 0.0);1;
2;(2,-2.5,-0.03);(1,1,1);(0,0,0);False;(-1.0, 0.0, 0.0);3;
4;(2.3,-1.5,0.3364937);(0.15,0.14,0.15);(270,180,0);
***Level***
Level info: 43 7/10
0;(0,6.03,0.2364937);(3,0.252122,0.24);(0,0,0);False;(1.0, 0.0, 0.0);3;
4;(0,-3,0.1764937);(0.15,0.14,0.15);(270,180,0);
1;(-2.4,-1.5,-0.03);(0.495,0.495,0.3);(0,0,0);True;(1.0, 0.0, 0.0);1.2;
1;(-1.2,-3,-0.03);(0.495,0.495,0.3);(0,0,0);False;(-1.0, 0.0, 0.0);0.3;
1;(0,-4.5,-0.03);(0.495,0.495,0.3);(0,0,0);True;(-1.0, 0.0, 0.0);1.2;
1;(0,-1.5,-0.03);(0.495,0.495,0.3);(0,0,0);True;(1.0, 0.0, 0.0);1.2;
1;(1.2,-3,-0.03);(0.495,0.495,0.3);(0,0,0);False;(-1.0, 0.0, 0.0);0.5;
1;(2.4,-4.5,-0.03);(0.495,0.495,0.3);(0,0,0);True;(-1.0, 0.0, 0.0);1.2;
1;(-2.4,4.5,-0.03350632);(0.495,0.495,0.3);(0,0,0);True;(1.0, 0.0, 0.0);1.2;
1;(-1.2,3,-0.03350632);(0.495,0.495,0.3);(0,0,0);False;(-1.0, 0.0, 0.0);0.3;
1;(0,1.5,-0.03350632);(0.495,0.495,0.3);(0,0,0);True;(-1.0, 0.0, 0.0);1.2;
1;(0,4.5,-0.03350632);(0.495,0.495,0.3);(0,0,0);True;(1.0, 0.0, 0.0);1.2;
1;(1.2,3,-0.03350632);(0.495,0.495,0.3);(0,0,0);False;(-1.0, 0.0, 0.0);0.5;
1;(2.4,1.5,-0.03350632);(0.495,0.495,0.3);(0,0,0);True;(-1.0, 0.0, 0.0);1.2;
4;(0,3,0.1729873);(0.15,0.14,0.15);(270,180,0);
***Level***
Level info: 44 7/10
0;(0,6.03,0.2364937);(3,0.252122,0.24);(0,0,0);False;(1.0, 0.0, 0.0);3;
4;(-0.75,0.5,0.1764937);(0.15,0.14,0.15);(270,180,0);
1;(-3,1.5,-0.03350632);(0.495,0.495,0.3);(0,0,0);True;(1.0, 0.0, 0.0);1.2;
1;(-0.75,-0.5,-0.03350632);(0.495,0.495,0.3);(0,0,0);False;(-1.0, 0.0, 0.0);0.3;
1;(0.6,-1.5,-0.03350632);(0.495,0.495,0.3);(0,0,0);True;(-1.0, 0.0, 0.0);1.2;
1;(-0.6,1.5,-0.03350632);(0.495,0.495,0.3);(0,0,0);True;(1.0, 0.0, 0.0);1.2;
1;(1.75,-0.5,-0.03350632);(0.495,0.495,0.3);(0,0,0);False;(-1.0, 0.0, 0.0);0.5;
1;(3,-1.5,-0.03350632);(0.495,0.495,0.3);(0,0,0);True;(-1.0, 0.0, 0.0);1.2;
1;(-1.75,0.5,-0.03350632);(0.495,0.495,0.3);(0,0,0);False;(-1.0, 0.0, 0.0);0.3;
1;(0.75,0.5,-0.03350632);(0.495,0.495,0.3);(0,0,0);False;(-1.0, 0.0, 0.0);0.5;
4;(0.75,-0.5,0.1764937);(0.15,0.14,0.15);(270,180,0);
***Level***
Level info: 45 7/10 - lead to somewhere shit
0;(0,6,-0.03);(4,0.252122,0.24);(0,0,0);False;(0.0, 0.0, 0.0);0;
4;(-2.21,1.45,0.3364937);(0.15,0.14,0.15);(270,180,0);
2;(1.8,1.71,0.1364937);(1,1,1);(0,0,0);False;(-1.0, 0.0, 0.0);1.4;
2;(-2,-1.77,0.1364937);(1,1,1);(0,0,0);False;(-1.0, 0.0, 0.0);1.4;
2;(0,-1.77,0.1364937);(1,1,1);(0,0,0);False;(-1.0, 0.0, 0.0);1.4;
2;(-2.8,0,0.1364937);(1,1,1);(0,0,90);True;(1.0, 0.0, 0.0);3.3;
2;(-0.6,0,0.1364937);(1,1,1);(0,0,90);True;(1.0, 0.0, 0.0);3.3;
2;(-0.2,1.71,0.1364937);(1,1,1);(0,0,0);False;(-1.0, 0.0, 0.0);1.4;
2;(-0.2,3.71,0.1364937);(1,1,1);(0,0,0);False;(-1.0, 0.0, 0.0);1.4;
2;(-2.2,3.71,0.1364937);(1,1,1);(0,0,0);False;(-1.0, 0.0, 0.0);1.4;
2;(1.8,-3.77,0.1364937);(1,1,1);(0,0,0);False;(-1.0, 0.0, 0.0);1.4;
2;(-0.2,-3.77,0.1364937);(1,1,1);(0,0,0);False;(-1.0, 0.0, 0.0);1.4;
***Level***
Level info: 46 7/10 - back and forth
0;(0,6,-0.03);(4,0.252122,0.24);(0,0,0);False;(0.0, 0.0, 0.0);0;
4;(-2,4,0.3364937);(0.15,0.14,0.15);(270,180,0);
4;(2,-2.5,0.3364937);(0.15,0.14,0.15);(270,180,0);
2;(-0.2,1,0.1364937);(1,1,1);(0,0,0);False;(-1.0, 0.0, 0.0);1.4;
2;(-2.2,1,0.1364937);(1,1,1);(0,0,0);False;(-1.0, 0.0, 0.0);1.4;
2;(-2.75,2.5,0.1364937);(1,1,1);(0,0,90);True;(1.0, 0.0, 0.0);3;
2;(2.75,-2.5,0.1364937);(1,1,1);(0,0,90);True;(-1.0, 0.0, 0.0);5.75;
2;(2.25,-1,0.1364937);(1,1,1);(0,0,0);False;(-1.0, 0.0, 0.0);1.4;
2;(0.25,-1,0.1364937);(1,1,1);(0,0,0);False;(-1.0, 0.0, 0.0);1.4;
2;(2.25,-4,0.1364937);(1,1,1);(0,0,0);False;(-1.0, 0.0, 0.0);1.4;
2;(0.25,-4,0.1364937);(1,1,1);(0,0,0);False;(-1.0, 0.0, 0.0);1.4;
2;(-0.25,2.5,0.1364937);(1,1,1);(0,0,90);True;(1.0, 0.0, 0.0);3;
2;(2.25,4,0.1364937);(1,1,1);(0,0,0);False;(-1.0, 0.0, 0.0);1.4;
2;(0.25,4,0.1364937);(1,1,1);(0,0,0);False;(-1.0, 0.0, 0.0);1.4;
***Level***
Level info: 47 7/10 - line but triangle extended
0;(0,6,-0.03);(2,0.252122,0.24);(0,0,0);False;(0.0, 0.0, 0.0);0;
4;(0,1.53,0.3364937);(0.15,0.14,0.15);(270,180,0);
4;(0,-1.47,0.3364937);(0.15,0.14,0.15);(270,180,0);
1;(-2,3,-0.03);(0.495,0.495,0.3);(0,0,0);True;(0.0, -1.0, 0.0);1;
1;(2,3,-0.03);(0.495,0.495,0.3);(0,0,0);True;(0.0, -1.0, 0.0);1;
1;(-1,3,-0.03);(0.495,0.495,0.3);(0,0,0);True;(0.0, -1.0, 0.0);2;
1;(1,3,-0.03);(0.495,0.495,0.3);(0,0,0);True;(0.0, -1.0, 0.0);2;
1;(0,3,-0.03);(0.495,0.495,0.3);(0,0,0);True;(0.0, -1.0, 0.0);3;
1;(-2,-3,-0.03);(0.495,0.495,0.3);(0,0,0);True;(0.0, 1.0, 0.0);1;
1;(2,-3,-0.03);(0.495,0.495,0.3);(0,0,0);True;(0.0, 1.0, 0.0);1;
1;(-1,-3,-0.03);(0.495,0.495,0.3);(0,0,0);True;(0.0, 1.0, 0.0);2;
1;(1,-3,-0.03);(0.495,0.495,0.3);(0,0,0);True;(0.0, 1.0, 0.0);2;
1;(0,-3,-0.03);(0.495,0.495,0.3);(0,0,0);True;(0.0, 1.0, 0.0);3;
2;(-2,0,0.1364937);(1,1,1);(0,0,0);False;(-1.0, 0.0, 0.0);1.4;
2;(2,0,0.1364937);(1,1,1);(0,0,0);False;(-1.0, 0.0, 0.0);1.4;
***Level***
Level info: 48 8/10 - line but triangle extended tilt
0;(0,6,-0.03);(2,0.252122,0.24);(0,0,0);False;(0.0, 0.0, 0.0);0;
4;(0,1.53,0.3364937);(0.15,0.14,0.15);(270,180,0);
4;(0,-1.47,0.3364937);(0.15,0.14,0.15);(270,180,0);
1;(-2,3,-0.03);(0.495,0.495,0.3);(0,0,0);True;(0.0, -1.0, 0.0);1;
1;(2,3,-0.03);(0.495,0.495,0.3);(0,0,0);True;(0.0, -1.0, 0.0);1;
1;(-1,3,-0.03);(0.495,0.495,0.3);(0,0,0);True;(0.0, -1.0, 0.0);2;
1;(1,3,-0.03);(0.495,0.495,0.3);(0,0,0);True;(0.0, -1.0, 0.0);2;
1;(0,3,-0.03);(0.495,0.495,0.3);(0,0,0);True;(0.0, -1.0, 0.0);3;
1;(-2,-3,-0.03);(0.495,0.495,0.3);(0,0,0);True;(0.0, 1.0, 0.0);1;
1;(2,-3,-0.03);(0.495,0.495,0.3);(0,0,0);True;(0.0, 1.0, 0.0);1;
1;(-1,-3,-0.03);(0.495,0.495,0.3);(0,0,0);True;(0.0, 1.0, 0.0);2;
1;(1,-3,-0.03);(0.495,0.495,0.3);(0,0,0);True;(0.0, 1.0, 0.0);2;
1;(0,-3,-0.03);(0.495,0.495,0.3);(0,0,0);True;(0.0, 1.0, 0.0);3;
2;(-2,0,0.1364937);(1,1,1);(0,0,0);True;(0.0, -1.0, 0.0);0.3;
2;(2,0,0.1364937);(1,1,1);(0,0,0);True;(0.0, -1.0, 0.0);0.3;
***Level***
Level info: 49 8/10 - asymmetric  box up and down 
0;(0,6,-0.03);(4,0.252122,0.24);(0,0,0);False;(0.0, 0.0, 0.0);0;
4;(-2,2,0.3364937);(0.15,0.14,0.15);(270,180,0);
4;(2,-1,0.3364937);(0.15,0.14,0.15);(270,180,0);
4;(-2,-2,0.3364937);(0.15,0.14,0.15);(270,180,0);
1;(-2,-1,-0.03);(0.495,0.495,0.3);(0,0,0);True;(0.0, -1.0, 0.0);1;
1;(2,-4,-0.03);(0.495,0.495,0.3);(0,0,0);True;(0.0, -1.0, 0.0);1;
1;(2,-2,-0.03);(0.495,0.495,0.3);(0,0,0);True;(0.0, 1.0, 0.0);1;
1;(-2,-3,-0.03);(0.495,0.495,0.3);(0,0,0);True;(0.0, 1.0, 0.0);1;
1;(-2,3,-0.03);(0.495,0.495,0.3);(0,0,0);True;(0.0, -1.0, 0.0);1;
1;(2,0,-0.03);(0.495,0.495,0.3);(0,0,0);True;(0.0, -1.0, 0.0);1;
1;(2,2,-0.03);(0.495,0.495,0.3);(0,0,0);True;(0.0, 1.0, 0.0);1;
1;(-2,1,-0.03);(0.495,0.495,0.3);(0,0,0);True;(0.0, 1.0, 0.0);1;
1;(0,0,-0.03);(0.495,0.495,0.3);(0,0,0);True;(0.0, -1.0, 0.0);2;
1;(0,-2,-0.03);(0.495,0.495,0.3);(0,0,0);True;(0.0, 1.0, 0.0);2;
1;(0,4,-0.03);(0.495,0.495,0.3);(0,0,0);True;(0.0, -1.0, 0.0);2;
1;(0,2,-0.03);(0.495,0.495,0.3);(0,0,0);True;(0.0, 1.0, 0.0);2;
***Level***
Level info: 50 8/10 - asymmetric  box up and down and x
0;(0,6,-0.03);(4,0.252122,0.24);(0,0,0);False;(0.0, 0.0, 0.0);0;
4;(-2,2,0.3364937);(0.15,0.14,0.15);(270,180,0);
4;(2,-1,0.3364937);(0.15,0.14,0.15);(270,180,0);
4;(-2,-2,0.3364937);(0.15,0.14,0.15);(270,180,0);
1;(-2,-1,-0.03);(0.495,0.495,0.3);(0,0,0);True;(0.0, -1.0, 0.0);1;
1;(2,-4,-0.03);(0.495,0.495,0.3);(0,0,0);True;(0.0, -1.0, 0.0);1;
1;(2,-2,-0.03);(0.495,0.495,0.3);(0,0,0);True;(0.0, 1.0, 0.0);1;
1;(-2,-3,-0.03);(0.495,0.495,0.3);(0,0,0);True;(0.0, 1.0, 0.0);1;
1;(-2,3,-0.03);(0.495,0.495,0.3);(0,0,0);True;(0.0, -1.0, 0.0);1;
1;(2,0,-0.03);(0.495,0.495,0.3);(0,0,0);True;(0.0, -1.0, 0.0);1;
1;(2,2,-0.03);(0.495,0.495,0.3);(0,0,0);True;(0.0, 1.0, 0.0);1;
1;(-2,1,-0.03);(0.495,0.495,0.3);(0,0,0);True;(0.0, 1.0, 0.0);1;
1;(-1,0,-0.03);(0.495,0.495,0.3);(0,0,0);True;(1.0, 0.0, 0.0);2;
1;(1,-2,-0.03);(0.495,0.495,0.3);(0,0,0);True;(-1.0, 0.0, 0.0);2;
1;(-1,4,-0.03);(0.495,0.495,0.3);(0,0,0);True;(1.0, 0.0, 0.0);2;
1;(1,2,-0.03);(0.495,0.495,0.3);(0,0,0);True;(-1.0, 0.0, 0.0);2;
***Level***
Level info: 51 8/10 - shitty stars
0;(0,6,-0.03);(4,0.252122,0.24);(0,0,0);False;(0.0, 0.0, 0.0);0;
4;(-2.75,3.03,0.3364937);(0.15,0.14,0.15);(270,180,0);
4;(1.5,1.75,0.3364937);(0.15,0.14,0.15);(270,180,0);
2;(2.25,1,0.1364937);(1,1,1);(0,0,0);False;(-1.0, 0.0, 0.0);1.4;
2;(0.25,1,0.1364937);(1,1,1);(0,0,0);False;(-1.0, 0.0, 0.0);1.4;
2;(-2.75,2.5,0.1364937);(1,1,1);(0,0,90);True;(1.0, 0.0, 0.0);3;
2;(2.25,-1,0.1364937);(1,1,1);(0,0,0);True;(-1.0, 0.0, 0.0);1.1;
2;(-2.25,-1,0.1364937);(1,1,1);(0,0,0);True;(1.0, 0.0, 0.0);1.1;
2;(1,-2,0.1364937);(1,1,1);(0,0,0);True;(1.0, 0.0, 0.0);1;
2;(-1,-2,0.1364937);(1,1,1);(0,0,0);True;(-1.0, 0.0, 0.0);1;
2;(-0.25,2.5,0.1364937);(1,1,1);(0,0,90);True;(1.0, 0.0, 0.0);3;
2;(-0.25,4,0.1364937);(1,1,1);(0,0,0);False;(-1.0, 0.0, 0.0);1.4;
2;(-2.25,4,0.1364937);(1,1,1);(0,0,0);False;(-1.0, 0.0, 0.0);1.4;
***Level***
Level info: 52 8/10 - step back a little bit extended
0;(0,6,-0.03);(4,0.252122,0.24);(0,0,0);False;(0.0, 0.0, 0.0);0;
4;(-2,0,0.3364937);(0.15,0.14,0.15);(270,180,0);
2;(1.75,-1,0.1364937);(1,1,1);(0,0,0);True;(-1.0, 0.0, 0.0);0.5;
2;(-1.75,-1,0.1364937);(1,1,1);(0,0,0);True;(1.0, 0.0, 0.0);0.5;
2;(1,-2,0.1364937);(1,1,1);(0,0,0);True;(1.0, 0.0, 0.0);1;
2;(-1,-2,0.1364937);(1,1,1);(0,0,0);True;(-1.0, 0.0, 0.0);1;
2;(2.25,0,0.1364937);(1,1,1);(0,0,0);True;(-1.0, 0.0, 0.0);4.5;
2;(1,3,0.1364937);(1,1,1);(0,0,0);True;(1.0, 0.0, 0.0);1;
2;(-1,3,0.1364937);(1,1,1);(0,0,0);True;(-1.0, 0.0, 0.0);1;
2;(-2.25,1,0.1364937);(1,1,1);(0,0,0);True;(1.0, 0.0, 0.0);4.5;
2;(1.75,2,0.1364937);(1,1,1);(0,0,0);True;(-1.0, 0.0, 0.0);0.5;
2;(-1.75,2,0.1364937);(1,1,1);(0,0,0);True;(1.0, 0.0, 0.0);0.5;
***Level***
Level info: 53 8/10 - Inside of triangle
0;(0,6,-0.03);(4,0.252122,0.24);(0,0,0);False;(0.0, 0.0, 0.0);0;
4;(2.62,0.02,0.3364937);(0.15,0.14,0.15);(270,180,0);
4;(-2.6,-0.05,0.3364937);(0.15,0.14,0.15);(270,180,0);
1;(-2.5,2,-0.03);(0.495,0.495,0.3);(0,0,0);True;(1.0, 0.0, 0.0);1;
1;(-2.5,0,-0.03);(0.495,0.495,0.3);(0,0,0);True;(1.0, 0.0, 0.0);2;
1;(-2.5,1,-0.03);(0.495,0.495,0.3);(0,0,0);True;(1.0, 0.0, 0.0);1.5;
1;(-2.5,-2,-0.03);(0.495,0.495,0.3);(0,0,0);True;(1.0, 0.0, 0.0);1;
1;(-2.5,-1,-0.03);(0.495,0.495,0.3);(0,0,0);True;(1.0, 0.0, 0.0);1.5;
1;(2.5,2,-0.03);(0.495,0.495,0.3);(0,0,0);True;(-1.0, 0.0, 0.0);1;
1;(2.5,0,-0.03);(0.495,0.495,0.3);(0,0,0);True;(-1.0, 0.0, 0.0);2;
1;(2.5,1,-0.03);(0.495,0.495,0.3);(0,0,0);True;(-1.0, 0.0, 0.0);1.5;
1;(2.5,-2,-0.03);(0.495,0.495,0.3);(0,0,0);True;(-1.0, 0.0, 0.0);1;
1;(2.5,-1,-0.03);(0.495,0.495,0.3);(0,0,0);True;(-1.0, 0.0, 0.0);1.5;
***Level***
Level info: 54 8/10
0;(0,6.03,0.2364937);(3,0.252122,0.24);(0,0,0);False;(1.0, 0.0, 0.0);3;
2;(0,4,0.1364937);(1,1,1);(0,0,90);True;(1.3, -1.5, 0.0);2;
1;(0.51,2.75,0.1364937);(0.495,0.495,0.3);(0,0,0);True;(1.3, -1.5, 0.0);2;
1;(1.02,2.25,0.1364937);(0.495,0.495,0.3);(0,0,0);True;(1.3, -1.5, 0.0);2;
2;(0,-4,0.1364937);(1,1,1);(0,0,90);True;(-1.3, 1.5, 0.0);2;
1;(-0.5,-2.75,0.1364937);(0.495,0.495,0.3);(0,0,0);True;(-1.3, 1.5, 0.0);2;
1;(-1,-2.25,0.1364937);(0.495,0.495,0.3);(0,0,0);True;(-1.3, 1.5, 0.0);2;
2;(0,-1.9,0.1364937);(1,1,1);(0,0,90);True;(1.0, 0.5, 0.0);2;
1;(-0.5,-2.15,0.1364937);(0.495,0.495,0.3);(0,0,0);True;(1.0, 0.5, 0.0);2;
2;(0,1.9,0.1364937);(1,1,1);(0,0,90);True;(-1.0, -0.5, 0.0);2;
1;(0.5,2.15,0.1364937);(0.495,0.495,0.3);(0,0,0);True;(-1.0, -0.5, 0.0);2;
2;(2,-4,0.1364937);(1,1,1);(0,0,0);False;(-1.0, 0.0, 0.0);1.4;
2;(-2,4,0.1364937);(1,1,1);(0,0,0);False;(-1.0, 0.0, 0.0);1.4;
1;(-2.3,0.25,0.1364937);(0.495,0.495,0.3);(0,0,0);False;(1.0, -1.5, 0.0);2;
1;(-1.8,-0.25,0.1364937);(0.495,0.495,0.3);(0,0,0);False;(1.0, -1.5, 0.0);2;
1;(1.25,-4.5,0.1364937);(0.495,0.495,0.3);(0,0,0);False;(1.0, -1.5, 0.0);2;
1;(-1.25,4.5,0.1364937);(0.495,0.495,0.3);(0,0,0);False;(1.0, -1.5, 0.0);2;
4;(-2.4,1.8,0.3364937);(0.15,0.14,0.15);(270,180,0);
4;(2.4,-1.8,0.3364937);(0.15,0.14,0.15);(270,180,0);
1;(1.8,0.25,0.1364937);(0.495,0.495,0.3);(0,0,0);False;(1.0, -1.5, 0.0);2;
1;(2.3,-0.25,0.1364937);(0.495,0.495,0.3);(0,0,0);False;(1.0, -1.5, 0.0);2;
1;(-2.8,0.25,0.1364937);(0.495,0.495,0.3);(0,0,0);False;(1.0, -1.5, 0.0);2;
1;(-2.3,-0.25,0.1364937);(0.495,0.495,0.3);(0,0,0);False;(1.0, -1.5, 0.0);2;
1;(2.3,0.25,0.1364937);(0.495,0.495,0.3);(0,0,0);False;(1.0, -1.5, 0.0);2;
1;(2.8,-0.25,0.1364937);(0.495,0.495,0.3);(0,0,0);False;(1.0, -1.5, 0.0);2;
***Level***
Level info: medium
0;(0,6.48,0.2364937);(2.5,0.252122,0.24);(0,0,0);False;(1.0, 0.0, 0.0);3;
2;(-1,2.33,-0.03);(1,1,1);(0,0,0);False;(1.0, 0.0, 0.0);3;
2;(1,2.33,-0.03);(1,1,1);(0,0,0);False;(-1.0, 0.0, 0.0);3;
2;(1.75,5.5,-0.03);(1,1,1);(0,0,90);True;(0.0, -1.0, 0.0);1.8;
2;(-1.75,5.5,-0.03);(1,1,1);(0,0,90);True;(0.0, -1.0, 0.0);1.8;
4;(0,1.35,0.3364937);(0.15,0.14,0.15);(270,180,0);
2;(1.75,1,-0.03);(1,1,1);(0,0,90);True;(0.0, -1.0, 0.0);1.8;
2;(-1.75,1,-0.03);(1,1,1);(0,0,90);True;(0.0, -1.0, 0.0);1.8;
2;(-1,-2.2,-0.03);(1,1,1);(0,0,0);False;(1.0, 0.0, 0.0);3;
2;(1,-2.2,-0.03);(1,1,1);(0,0,0);False;(-1.0, 0.0, 0.0);3;
***Level***
Level info: medium
0;(0,6.48,0.2364937);(2,0.252122,0.24);(0,0,0);False;(1.0, 0.0, 0.0);3;
4;(-0.14,-0.53,0.3364937);(0.15,0.14,0.15);(270,180,0);
2;(0,-2.5,-0.03);(1,1,1);(0,0,0);False;(1.0, 0.0, 0.0);3;
2;(1.7,-4.5,-0.03);(1,1,1);(0,0,0);False;(-1.0, 0.0, 0.0);3;
2;(1.7,-0.5,-0.03);(1,1,1);(0,0,0);False;(-1.0, 0.0, 0.0);3;
2;(0,1.5,-0.03);(1,1,1);(0,0,0);False;(1.0, 0.0, 0.0);3;
2;(1.7,3.5,-0.03);(1,1,1);(0,0,0);False;(-1.0, 0.0, 0.0);3;
2;(-1.25,0.75,-0.03);(1,1,1);(0,0,90);False;(-1.0, 0.0, 0.0);3;
2;(-1.25,-1.75,-0.03);(1,1,1);(0,0,90);False;(-1.0, 0.0, 0.0);3;
4;(-2.5,-0.53,0.3364937);(0.15,0.14,0.15);(270,180,0);
2;(-1.25,2.75,-0.03);(1,1,1);(0,0,90);False;(-1.0, 0.0, 0.0);3;
***Level***
Level info: medium
0;(0,6.48,0.2364937);(2,0.252122,0.24);(0,0,0);False;(1.0, 0.0, 0.0);3;
2;(0.5,-4,-0.03);(1,1,1);(0,0,0);False;(-1.0, 0.0, 0.0);3;
2;(-2.5,-4,-0.03);(1,1,1);(0,0,90);True;(0.0, 1.0, 0.0);1.5;
2;(0.5,4,-0.03);(1,1,1);(0,0,0);False;(-1.0, 0.0, 0.0);3;
2;(-2.5,4,-0.03);(1,1,1);(0,0,90);True;(0.0, -1.0, 0.0);1.5;
2;(-0.5,0,-0.03);(1,1,1);(0,0,0);True;(-1.0, 0.0, 0.0);0.5;
2;(2.5,0,-0.03);(1,1,1);(0,0,90);False;(-1.0, 0.0, 0.0);3;
2;(0,-2.2,-0.03);(1,1,1);(0,0,0);True;(1.0, 0.4, 0.0);1;
2;(0,2.2,-0.03);(1,1,1);(0,0,0);True;(1.0, -0.4, 0.0);1;
4;(1.75,0,0.3364937);(0.15,0.14,0.15);(270,180,0);
***Level***
Level info: hard
0;(-1.5,6.48,0.2364937);(2,0.25,0.24);(0,0,0);False;(1.0, 0.0, 0.0);3;
4;(1.75,-2.5,0.3364937);(0.15,0.14,0.15);(270,180,0);
3;(1.25,4,0.1364937);(1,1,1);(0,0,0);True;(1.0, 0.0, 0.0);1;
3;(1.5,-4,0.1364937);(1,1,1);(0,0,0);False;(1.0, 0.0, 0.0);1;
2;(0.75,-2.5,0.1364937);(1,1,1);(0,0,90);False;(-1.0, 0.0, 0.0);1.4;
3;(1.5,-1,0.1364937);(1,1,1);(0,0,0);False;(1.0, 0.0, 0.0);1;
2;(1.5,0.5,0.1364937);(1,1,1);(0,0,90);False;(-1.0, 0.0, 0.0);1.4;
2;(1.5,2.5,0.1364937);(1,1,1);(0,0,90);False;(-1.0, 0.0, 0.0);1.4;
3;(-1.5,-4,0.1364937);(1,1,1);(0,0,0);False;(1.0, 0.0, 0.0);1;
4;(-1.75,-2.5,0.3364937);(0.15,0.14,0.15);(270,180,0);
3;(-1.25,4,0.1364937);(1,1,1);(0,0,0);True;(-1.0, 0.0, 0.0);1;
2;(-0.75,-2.5,0.1364937);(1,1,1);(0,0,90);False;(-1.0, 0.0, 0.0);1.4;
3;(-1.5,-1,0.1364937);(1,1,1);(0,0,0);False;(1.0, 0.0, 0.0);1;
2;(-1.5,0.5,0.1364937);(1,1,1);(0,0,90);False;(-1.0, 0.0, 0.0);1.4;
2;(-1.5,2.5,0.1364937);(1,1,1);(0,0,90);False;(-1.0, 0.0, 0.0);1.4;
2;(2.75,-4.5,0.1364937);(1,1,1);(0,0,90);False;(-1.0, 0.0, 0.0);1.4;
2;(-2.75,-4.5,0.1364937);(1,1,1);(0,0,90);False;(-1.0, 0.0, 0.0);1.4;
***Level***
0;(0,6,-0.03);(4,0.252122,0.24);(0,0,0);False;(0.0, 0.0, 0.0);0;
4;(0,1.5,0.3364937);(0.15,0.14,0.15);(270,39.00011,0);
2;(0,3,0.1364937);(1,1,1);(0,0,0);False;(-1.0, 0.0, 0.0);1.4;
2;(-2,-0.5,0.1364937);(1,1,1);(0,0,90);False;(-1.0, 0.0, 0.0);1.4;
2;(-2,-4.5,0.1364937);(1,1,1);(0,0,90);False;(-1.0, 0.0, 0.0);1.4;
2;(2,-4.5,0.1364937);(1,1,1);(0,0,90);False;(-1.0, 0.0, 0.0);1.4;
2;(2,-0.5,0.1364937);(1,1,1);(0,0,90);False;(-1.0, 0.0, 0.0);1.4;
***Level***